62,3
62,2
62,1
62,0
61,5
61,4
61,3
61,2
61,1
61,0
60,3
60,2
60,1
60,0
0,527
59,5
59,4
59,3
59,2
59,1
59,0
0,526
58,3
58,2
58,1
58,0
0,525
0,472
57,5
57,4
57,3
57,2
57,1
57,0
0,278
54,35
40,2
56,3
56,2
56,1
56,0
55,5
55,4
55,3
55,2
0,9
55,1
55,0
40,1
40,3
3,2
10,162
10,108
10,210
10,114
10,214
10,2
10,3
11,6
11,4
11,18
11,10
9,6
9,4
9,2
9,3
8,18
8,4
8,12
8,16
8,2
8,3
20,2
20,1
12,3
20,3
12,2
12,1
11,29
11,28
11,27
11,26
11,25
11,24
11,23
11,22
11,21
11,20
11,19
19,2
19,1
11,17
11,15
19,3
11,13
11,11
11,9
11,7
11,5
11,3
11,2
11,1
10,313
10,312
10,311
10,310
10,309
10,308
10,307
10,306
10,305
10,304
10,303
10,302
10,301
10,300
10,299
10,298
10,297
10,296
10,295
10,294
10,293
10,292
10,291
10,290
10,289
10,288
10,287
10,286
10,285
